con1: 1
[ 13.62  12.72  13.93  12.66]
[ 12.18  11.45  12.49  11.44]
[ 10.62  10.3   10.89  10.3 ]
con1: 2
[ 6.65  6.44  6.78  6.42]
[ 6.42  6.33  6.42  6.24]
[ 6.3   6.2   6.31  6.16]
con1: 3
[ 13.16  12.9   13.8   12.57]
[ 12.47  11.64  12.48  11.64]
[ 10.48  10.48  11.86  10.48]
con1: 4
[ 3.95  3.89  4.01  3.86]
[ 3.85  3.88  3.94  3.76]
[ 3.87  3.87  3.93  3.81]
con1: 5
[ 34.2   32.43  34.28  32.4 ]
[ 31.43  30.7   31.7   30.55]
[ 30.7   29.64  31.14  28.93]
con1: 6
[ 10.84   9.35  10.84   8.9 ]
[ 8.41  8.41  8.66  8.41]
[ 7.57  7.57  7.57  7.57]
con1: 7
[ 23.3   22.38  23.98  21.4 ]
[ 21.62  21.93  22.39  21.58]
[ 22.16  21.65  22.66  21.51]
TOTAL: con1: 7
[Finished in 5.1s]